238708366294560
255711589
763366484
268477351
256900583
289347185
279068053
774964107
1024024459
1087920181268228
295724024209138
1884615315161056
263796842
837660111
960801880
1384015685195390
129337343781700
1031211455
1953740434919651
252139987
439314956514360
200338017510287
1018257871
214156584
238708366294560
1089073891270594
820901606
239543488
333665952
1030541477
1024024459
249770702
392304181156195
853768188120089
1024024459
240137270
1034246182
1034545715
624404528043424
3932075
758941287576270
332602767293710
1754030724923557
257701004
1005379878
328034700607256
502117372
515956270
763366484
327856385
102501382518017
266041080764047
257675738
1035249563
1031620332
257675738
257675738
3860754
1015903902
301689623504456
257675738
234445957
360347419
350587119
721700694
1034777515
236905310
1022027073
703619031
1645054772477309
763366484
258942745
763366484
257675738
1213457652124228
249847236
734640167
1576424289072402
101085208362604
1571758852925900
1020004918
249760830
265855281
257675738
257675738
257675738
257675738
257675738
257675738
636841096
767285938
763366484
221843842
763366484
1024024459
250637221
1024024459
763366484
929364689
530400992
960801880
568972321
272063559
257675738
265944370
528212634289061
319918609
219830118
1004045676338191
960801880
388016078417605
229719703
257675738
708543045
366315393
271027694
336314136
791362794339894
251139904
265087352
365139349
236841526
1032830416
648812
235405703
278523553
303625311
303621133810443
238818293
303621133810443
303621133810443
303621133810443
1033191474
260715722
320448460
1024024459
1494708360575245
165789604103668
729659409
371446162
726217814
992793886
892663132
1817996391777444
1025713215
380527563
216586652055104
1391985037547484
703032709
275694158
254137717
1031284308
228242064406848
252459878653472
380527563
237441630
254137717
705257132948511
160219414044790
243155411
375370495
174670623181509
479162078919388
218246578564555
995606440567846
258992597
270573069687327
271746065
587964638035162
1031911055
265944370
705493537
584653397
259577988
718791812
960801880
540285812818100
1545438469087770
5
853768188120089
239881423413613
371923871
269258152
1024024459
1033142634
1018246776
109499390719296
482840720
339671948
198479390768464
2159711084339427
1030536574
101888323238584
1024643711
166068874233473
886140932
853370553
166068874233473
278112614
194323594048337
1583637248630841
547196348665618
471016136570192
790490617751191
1031365683
256872350
105720502800925
1697797307139282
695594
1161890580526535
258497058
1494708360575245
129397907458887
1024643711
790781351
741926377
36039362
1017410268351044
1991054987784720
960801880
265944370
749967388696820
251623178348085
254761351
763366484
431429549
257675738
719642450
960801880
776774254
257675738
236567447
361766287659277
1728569997423628
239456149748887
1024024459
1831412520468286
388606852
352649304
376800535
239543488
867545993442191
869344700
785135697
1161890580526535
1740487712832543
1031486775
522110451471418
590350184803083
338488422938153
258015971
264791450
1024024459
1130518867012776
1144380535596470
1010224584
953354356
1570655626565114
535174932
282619062
352665766
260657636
81450
329920021651119
260657636
235405703
1024534355
1029795040
1022018148
1734861503402357
494133771
697731231
309457807
953438663
264655388
256900583
645795143
260715722
701219421
1031583227
105457514746034
1024024459
1756284511288082
105457514746034
105457514746034
774047612732056
774047612732056
420659325
1031595537
1031595537
489936694395742
489936694395742
1116810911709691
255644799
422679511636106
1034952174
565352666967288
565352666967288
565352666967288
565352666967288
565352666967288
565352666967288
565352666967288
565352666967288
565352666967288
565352666967288
565352666967288
565352666967288
565352666967288
565352666967288
263242092
770714481
929364689
235064808
929364689
583934597
367111716
200168070345671
1014156429
454082349
517659838259489
741809089
1024024459
255347943
226407760
2100002633593177
137305230460311
893998750717687
733669333665610
810779055
1033927321
347734036
207287436746404
1758962297702826
349474282
243983279
292324244978849
389168704547725
256897231
1030680872
284850369
1030963481
136433999757795
595039600
309552290
108200962656967
252162954
498465803
294410598
296182838
825223087582998
438337866256143
434589256631153
229700265
1014408517
1034276548
1035266629
270302733
1031583227
1003440
1031620332
240741726
735953271
409675862427705
251673798541426
245953752734587
1705862253035232
337554955
335740807
1030695733
485540635144565
395745775
1
122895585780993
367828949945849
320382978811829
1118302565009890
485540635144565
289250980
875768777
117357068988283
858047234307676
958119374
1030634692
1808278629419378
366358080
229700265
411546969
295724024209138
257675738
697313113
763366484
1494708360575245
431429549
527488
763366484
705257132948511
243155411
380527563
217900437
1018856016
779066193
217665289
258916344448271
1031620332
217363195294007
296473223801073
459070874125486
278746454
722890601253966
1779344075440488
257675738
1238845829597200
939126068
1821158634786439
1032467448
704009164
960801880
701324551
1027536843
345883858864829
2052183044795829
1018246776
257675738
733358306681849
524790199
355620748237569
272063559
240137270
328034700607256
255347943
3860754
879780024
642153286181305
1034907343
1024024459
1238845829597200
722890601253966
637174873
1457211254501987
1018246776
309482403243505
960801880
736905249
1009014161
234445957
1089073891270594
1036261533079276
461484605
470889187
236905310
853370553
184064132052559
1651445
447349728642439
719642450
257084706
1474804866080397
108824190502183
1034952174
1017410268351044
336314136
333665952
442427613
470889187
514870663
271953874
875451860
1024024459
514870663
368506406
254761351
517659838259489
849398032
782124546
138483363412513
1033516335
928134412
254458791569561
4379119
810735628940011
533373991
106408339509065
1031782734
1028862914
1031620332
565352666967288
582752225516260
303621133810443
400628621
395745775
720602314
567052744
565352666967288
960801880
1031620332
448145052
1971452003153647
257675738
960801880
1011869284
960801880
2460160
431429549
265944370
307366595
400033410416349
430316683
1589916907973279
18698223
331616244
787487874934875
1030486005
720602314
264226347
306527182
36039362
238260013
137635813033724
352584326
5593689
2866872
330033552
3193637
255710594
358965248173722
837660111
400628621
1494708360575245
207287436746404
100934884658188
929364689
1024024459
1031807697
282525555
1424738874429599
1024024459
155308551671321
253753817
400628621
1947279002210859
1032951528
240628086
1613055102352766
1258608634167701
1033191474
415352905170475
737078898
279068053
257675738
257675738
214499592722412
648812
763366484
227793681324581
790781351
763366484
257675738
245875988
260715722
494133771
928216193
1249142848526329
379360567
257675738
1715215115381039
5182030
389606843
3851203
763366484
278770209
260715722
101085208362604
327007709
1815479658683951
248045121
1024643711
245875988
259509813
779066193
574585833
790781351
1756515641234263
1024024459
853768188120089
1024643711
250442842430592
1024024459
249847236
198479390768464
1024024459
1087920181268228
837660111
1130518867012776
365139349
250637221
264655388
624404528043424
774047612732056
1734861503402357
697731231
105457514746034
960801880
239543488
249760830
1391985037547484
319918609
1571758852925900
239543488
239543488
929364689
105457514746034
1024024459
1024024459
867545993442191
257675738
254137717
268477351
114547593786761
837660111
309457807
1035249563
214156584
265944370
1031583227
960801880
289347185
332602767293710
376800535
256900583
237441630
239543488
1020004918
719364471592316
431429549
265855281
102758881534886
254137717
1022018148
129337343781700
718791812
216586652055104
257675738
1116810911709691
1030536574
271746065
301689623504456
1031595537
256900583
1031595537
257675738
886696506
257675738
294410598
763366484
108200962656967
1022153638
252920602058609
763366484
257675738
229700265
1016604588
158468811371243
286909463
257675738
257675738
1018257871
437271949642996
312412549562457
257675738
507420629460292
893998750717687
250637221
395745775
215915605
1116810911709691
1072986606132360
695594
470889187
1651445
